3.141592653589793238462643383279502884197169399375105820974944592307816406286208998628034
82534211706798214808651328230664709384460955058223172535940812848111745028410270193852110
55596446229489549303819644288109756659334461284756482337867831652712019091456485669234603
48610454326648213393607260249141273724587006606315588174881520920962829254091715364367892
59036001133053054882046652138414695194151160943305727036575959195309218611738193261179310
51185480744623799627495673518857527248912279381830119491298336733624406566430860213949463
95224737190702179860943702770539217176293176752384674818467669405132000568127145263560827
78577134275778960917363717872146844090122495343014654958537105079227968925892354201995611
21290219608640344181598136297747713099605187072113499999983729780499510597317328160963185
95024459455346908302642522308253344685035261931188171010003137838752886587533208381420617

17766914730359825349042875546873115956286388235378759375195778185778053217122680661300192
78766111959092164201989380952572010654858632788659361533818279682303019520353018529689957
73622599413891249721775283479131515574857242454150695950829533116861727855889075098381754
63746493931925506040092770167113900984882401285836160356370766010471018194295559619894676
78374494482553797747268471040475346462080466842590694912933136770289891521047521620569660
24058038150193511253382430035587640247496473263914199272604269922796782354781636009341721
64121992458631503028618297455570674983850549458858692699569092721079750930295532116534498
72027559602364806654991198818347977535663698074265425278625518184175746728909777727938000
81647060016145249192173217214772350141441973568548161361157352552133475741849468438523323
90739414333454776241686251898356948556209921922218427255025425688767179049460165346680498

86272327917860857843838279679766814541009538837863609506800642251252051173929848960841284
88626945604241965285022210661186306744278622039194945047123713786960956364371917287467764
65757396241389086583264599581339047802759009946576407895126946839835259570982582262052248
94077267194782684826014769909026401363944374553050682034962524517493996514314298091906592
50937221696461515709858387410597885959772975498930161753928468138268683868942774155991855
92524595395943104997252468084598727364469584865383673622262609912460805124388439045124413
65497627807977156914359977001296160894416948685558484063534220722258284886481584560285060
16842739452267467678895252138522549954666727823986456596116354886230577456498035593634568
17432411251507606947945109659609402522887971089314566913686722874894056010150330861792868
09208747609178249385890097149096759852613655497818931297848216829989487226588048575640142

70477555132379641451523746234364542858444795265867821051141354735739523113427166102135969
53623144295248493718711014576540359027993440374200731057853906219838744780847848968332144
57138687519435064302184531910484810053706146806749192781911979399520614196634287544406437
45123718192179998391015919561814675142691239748940907186494231961567945208095146550225231
60388193014209376213785595663893778708303906979207734672218256259966150142150306803844773
45492026054146659252014974428507325186660021324340881907104863317346496514539057962685610
05508106658796998163574736384052571459102897064140110971206280439039759515677157700420337
86993600723055876317635942187312514712053292819182618612586732157919841484882916447060957
52706957220917567116722910981690915280173506712748583222871835209353965725121083579151369
88209144421006751033467110314126711136990865851639831501970165151168517143765761835155650

88490998985998238734552833163550764791853589322618548963213293308985706420467525907091548
14165498594616371802709819943099244889575712828905923233260972997120844335732654893823911
93259746366730583604142813883032038249037589852437441702913276561809377344403070746921120
19130203303801976211011004492932151608424448596376698389522868478312355265821314495768572
62433441893039686426243410773226978028073189154411010446823252716201052652272111660396665
57309254711055785376346682065310989652691862056476931257058635662018558100729360659876486
11791045334885034611365768675324944166803962657978771855608455296541266540853061434443185
86769751456614068007002378776591344017127494704205622305389945613140711270004078547332699
39081454664645880797270826683063432858785698305235808933065757406795457163775254202114955
76158140025012622859413021647155097925923099079654737612551765675135751782966645477917450

11299614890304639947132962107340437518957359614589019389713111790429782856475032031986915
14028708085990480109412147221317947647772622414254854540332157185306142288137585043063321
75182979866223717215916077166925474873898665494945011465406284336639379003976926567214638
53067360965712091807638327166416274888800786925602902284721040317211860820419000422966171
19637792133757511495950156604963186294726547364252308177036751590673502350728354056704038
67435136222247715891504953098444893330963408780769325993978054193414473774418426312986080
99888687413260472156951623965864573021631598193195167353812974167729478672422924654366800
98067692823828068996400482435403701416314965897940924323789690706977942236250822168895738
37986230015937764716512289357860158816175578297352334460428151262720373431465319777741603
19906655418763979293344195215413418994854447345673831624993419131814809277771038638773431

77207545654532207770921201905166096280490926360197598828161332316663652861932668633606273
56763035447762803504507772355471058595487027908143562401451718062464362679456127531813407
83303362542327839449753824372058353114771199260638133467768796959703098339130771098704085
91337464144282277263465947047458784778720192771528073176790770715721344473060570073349243
69311383504931631284042512192565179806941135280131470130478164378851852909285452011658393
41965621349143415956258658655705526904965209858033850722426482939728584783163057777560688
87644624824685792603953527734803048029005876075825104747091643961362676044925627420420832
08566119062545433721315359584506877246029016187667952406163425225771954291629919306455377
99140373404328752628889639958794757291746426357455254079091451357111369410911939325191076
02082520261879853188770584297259167781314969900901921169717372784768472686084900337702424

29165130050051683233643503895170298939223345172201381280696501178440874519601212285993716
23130171144484640903890644954440061986907548516026327505298349187407866808818338510228334
50850486082503930213321971551843063545500766828294930413776552793975175461395398468339363
83047461199665385815384205685338621867252334028308711232827892125077126294632295639898989
35821167456270102183564622013496715188190973038119800497340723961036854066431939509790190
69963955245300545058068550195673022921913933918568034490398205955100226353536192041994745
53859381023439554495977837790237421617271117236434354394782218185286240851400666044332588
85698670543154706965747458550332323342107301545940516553790686627333799585115625784322988
27372319898757141595781119635833005940873068121602876496286744604774649159950549737425626
90104903778198683593814657412680492564879855614537234786733039046883834363465537949864192

70563872931748723320837601123029911367938627089438799362016295154133714248928307220126901
47546684765357616477379467520049075715552781965362132392640616013635815590742202020318727
76052772190055614842555187925303435139844253223415762336106425063904975008656271095359194
65897514131034822769306247435363256916078154781811528436679570611086153315044521274739245
44945423682886061340841486377670096120715124914043027253860764823634143346235189757664521
64137679690314950191085759844239198629164219399490723623464684411739403265918404437805133
38945257423995082965912285085558215725031071257012668302402929525220118726767562204154205
16184163484756516999811614101002996078386909291603028840026910414079288621507842451670908
70006992821206604183718065355672525325675328612910424877618258297651579598470356222629348
60034158722980534989650226291748788202734209222245339856264766914905562842503912757710284

02799806636582548892648802545661017296702664076559042909945681506526530537182941270336931
37851786090407086671149655834343476933857817113864558736781230145876871266034891390956200
99393610310291616152881384379099042317473363948045759314931405297634757481193567091101377
51721008031559024853090669203767192203322909433467685142214477379393751703443661991040337
51117354719185504644902636551281622882446257591633303910722538374218214088350865739177150
96828874782656995995744906617583441375223970968340800535598491754173818839994469748676265
51658276584835884531427756879002909517028352971634456212964043523117600665101241200659755
85127617858382920419748442360800719304576189323492292796501987518721272675079812554709589
04556357921221033346697499235630254947802490114195212382815309114079073860251522742995818
07247162591668545133312394804947079119153267343028244186041426363954800044800267049624820

17928964766975831832713142517029692348896276684403232609275249603579964692565049368183609
00323809293459588970695365349406034021665443755890045632882250545255640564482465151875471
19621844396582533754388569094113031509526179378002974120766514793942590298969594699556576
12186561967337862362561252163208628692221032748892186543648022967807057656151446320469279
06821207388377814233562823608963208068222468012248261177185896381409183903673672220888321
51375560037279839400415297002878307667094447456013455641725437090697939612257142989467154
35784687886144458123145935719849225284716050492212424701412147805734551050080190869960330
27634787081081754501193071412233908663938339529425786905076431006383519834389341596131854
34754649556978103829309716465143840700707360411237359984345225161050702705623526601276484
83084076118301305279320542746286540360367453286510570658748822569815793678976697422057505

96834408697350201410206723585020072452256326513410559240190274216248439140359989535394590
94407046912091409387001264560016237428802109276457931065792295524988727584610126483699989

