3.14159265358979323846264338327950288419716939937510582097494459230781640628620899862803482
5342117067982148086513282306647093844609550582231725359408128481117450284102701938521105559
6446229489549303819644288109756659334461284756482337867831652712019091456485669234603486104
5432664821339360726024914127372458700660631558817488152092096282925409171536436789259036001
1330530548820466521384146951941511609433057270365759591953092186117381932611793105118548074
4623799627495673518857527248912279381830119491298336733624406566430860213949463952247371907
0217986094370277053921717629317675238467481846766940513200056812714526356082778577134275778
9609173637178721468440901224953430146549585371050792279689258923542019956112129021960864034
4181598136297747713099605187072113499999983729780499510597317328160963185950244594553469083
0264252230825334468503526193118817101000313783875288658753320838142061717766914730359825349

0428755468731159562863882353787593751957781857780532171226806613001927876611195909216420198
9380952572010654858632788659361533818279682303019520353018529689957736225994138912497217752
8347913151557485724245415069595082953311686172785588907509838175463746493931925506040092770
1671139009848824012858361603563707660104710181942955596198946767837449448255379774726847104
0475346462080466842590694912933136770289891521047521620569660240580381501935112533824300355
8764024749647326391419927260426992279678235478163600934172164121992458631503028618297455570
6749838505494588586926995690927210797509302955321165344987202755960236480665499119881834797
7535663698074265425278625518184175746728909777727938000816470600161452491921732172147723501
4144197356854816136115735255213347574184946843852332390739414333454776241686251898356948556
2099219222184272550254256887671790494601653466804988627232791786085784383827967976681454100

9538837863609506800642251252051173929848960841284886269456042419652850222106611863067442786
2203919494504712371378696095636437191728746776465757396241389086583264599581339047802759009
9465764078951269468398352595709825822620522489407726719478268482601476990902640136394437455
3050682034962524517493996514314298091906592509372216964615157098583874105978859597729754989
3016175392846813826868386894277415599185592524595395943104997252468084598727364469584865383
6736222626099124608051243884390451244136549762780797715691435997700129616089441694868555848
4063534220722258284886481584560285060168427394522674676788952521385225499546667278239864565
9611635488623057745649803559363456817432411251507606947945109659609402522887971089314566913
6867228748940560101503308617928680920874760917824938589009714909675985261365549781893129784
8216829989487226588048575640142704775551323796414515237462343645428584447952658678210511413

5473573952311342716610213596953623144295248493718711014576540359027993440374200731057853906
2198387447808478489683321445713868751943506430218453191048481005370614680674919278191197939
9520614196634287544406437451237181921799983910159195618146751426912397489409071864942319615
6794520809514655022523160388193014209376213785595663893778708303906979207734672218256259966
1501421503068038447734549202605414665925201497442850732518666002132434088190710486331734649
6514539057962685610055081066587969981635747363840525714591028970641401109712062804390397595
1567715770042033786993600723055876317635942187312514712053292819182618612586732157919841484
8829164470609575270695722091756711672291098169091528017350671274858322287183520935396572512
1083579151369882091444210067510334671103141267111369908658516398315019701651511685171437657
6183515565088490998985998238734552833163550764791853589322618548963213293308985706420467525

9070915481416549859461637180270981994309924488957571282890592323326097299712084433573265489
3823911932597463667305836041428138830320382490375898524374417029132765618093773444030707469
2112019130203303801976211011004492932151608424448596376698389522868478312355265821314495768
5726243344189303968642624341077322697802807318915441101044682325271620105265227211166039666
5573092547110557853763466820653109896526918620564769312570586356620185581007293606598764861
1791045334885034611365768675324944166803962657978771855608455296541266540853061434443185867
6975145661406800700237877659134401712749470420562230538994561314071127000407854733269939081
4546646458807972708266830634328587856983052358089330657574067954571637752542021149557615814
0025012622859413021647155097925923099079654737612551765675135751782966645477917450112996148
9030463994713296210734043751895735961458901938971311179042978285647503203198691514028708085

9904801094121472213179476477726224142548545403321571853061422881375850430633217518297986622
3717215916077166925474873898665494945011465406284336639379003976926567214638530673609657120
9180763832716641627488880078692560290228472104031721186082041900042296617119637792133757511
4959501566049631862947265473642523081770367515906735023507283540567040386743513622224771589
1504953098444893330963408780769325993978054193414473774418426312986080998886874132604721569
5162396586457302163159819319516735381297416772947867242292465436680098067692823828068996400
4824354037014163149658979409243237896907069779422362508221688957383798623001593776471651228
9357860158816175578297352334460428151262720373431465319777741603199066554187639792933441952
1541341899485444734567383162499341913181480927777103863877343177207545654532207770921201905
1660962804909263601975988281613323166636528619326686336062735676303544776280350450777235547

1058595487027908143562401451718062464362679456127531813407833033625423278394497538243720583
5311477119926063813346776879695970309833913077109870408591337464144282277263465947047458784
7787201927715280731767907707157213444730605700733492436931138350493163128404251219256517980
6941135280131470130478164378851852909285452011658393419656213491434159562586586557055269049
6520985803385072242648293972858478316305777756068887644624824685792603953527734803048029005
8760758251047470916439613626760449256274204208320856611906254543372131535958450687724602901
6187667952406163425225771954291629919306455377991403734043287526288896399587947572917464263
5745525407909145135711136941091193932519107602082520261879853188770584297259167781314969900
9019211697173727847684726860849003377024242916513005005168323364350389517029893922334517220
1381280696501178440874519601212285993716231301711444846409038906449544400619869075485160263

2750529834918740786680881833851022833450850486082503930213321971551843063545500766828294930
4137765527939751754613953984683393638304746119966538581538420568533862186725233402830871123
2827892125077126294632295639898989358211674562701021835646220134967151881909730381198004973
4072396103685406643193950979019069963955245300545058068550195673022921913933918568034490398
2059551002263535361920419947455385938102343955449597783779023742161727111723643435439478221
8185286240851400666044332588856986705431547069657474585503323233421073015459405165537906866
2733379958511562578432298827372319898757141595781119635833005940873068121602876496286744604
7746491599505497374256269010490377819868359381465741268049256487985561453723478673303904688
3834363465537949864192705638729317487233208376011230299113679386270894387993620162951541337
1424892830722012690147546684765357616477379467520049075715552781965362132392640616013635815

5907422020203187277605277219005561484255518792530343513984425322341576233610642506390497500
8656271095359194658975141310348227693062474353632569160781547818115284366795706110861533150
4452127473924544945423682886061340841486377670096120715124914043027253860764823634143346235
1897576645216413767969031495019108575984423919862916421939949072362346468441173940326591840
4437805133389452574239950829659122850855582157250310712570126683024029295252201187267675622
0415420516184163484756516999811614101002996078386909291603028840026910414079288621507842451
6709087000699282120660418371806535567252532567532861291042487761825829765157959847035622262
9348600341587229805349896502262917487882027342092222453398562647669149055628425039127577102
8402799806636582548892648802545661017296702664076559042909945681506526530537182941270336931
3785178609040708667114965583434347693385781711386455873678123014587687126603489139095620099

3936103102916161528813843790990423174733639480457593149314052976347574811935670911013775172
1008031559024853090669203767192203322909433467685142214477379393751703443661991040337511173
5471918550464490263655128162288244625759163330391072253837421821408835086573917715096828874
7826569959957449066175834413752239709683408005355984917541738188399944697486762655165827658
4835884531427756879002909517028352971634456212964043523117600665101241200659755851276178583
8292041974844236080071930457618932349229279650198751872127267507981255470958904556357921221
0333466974992356302549478024901141952123828153091140790738602515227429958180724716259166854
5133312394804947079119153267343028244186041426363954800044800267049624820179289647669758318
3271314251702969234889627668440323260927524960357996469256504936818360900323809293459588970
6953653494060340216654437558900456328822505452556405644824651518754711962184439658253375438

8569094113031509526179378002974120766514793942590298969594699556576121865619673378623625612
5216320862869222103274889218654364802296780705765615144632046927906821207388377814233562823
6089632080682224680122482611771858963814091839036736722208883215137556003727983940041529700
2878307667094447456013455641725437090697939612257142989467154357846878861444581231459357198
4922528471605049221242470141214780573455105008019086996033027634787081081754501193071412233
9086639383395294257869050764310063835198343893415961318543475464955697810382930971646514384
0700707360411237359984345225161050702705623526601276484830840761183013052793205427462865403
6036745328651057065874882256981579367897669742205750596834408697350201410206723585020072452
2563265134105592401902742162484391403599895353945909440704691209140938700126456001623742880

